Data: 1.00000 1.00000 1.00000 1.00000 0.00000 0.00000 0.00000 0.00000 
FFT : 4.00000 (1.00000, -2.41421) 0.00000 (1.00000, -0.41421) 0.00000 (1.00000, 0.41421) 0.00000 (1.00000, 2.41421) 
