Data: 0.88700 1.64500 2.00500 1.06900 1.06900 0.69000 1.04600 1.84700 0.80800 0.61700 0.79200 1.38400 1.78200 0.92500 0.75100 0.85800 0.91500 1.00600 0.98500 0.97000 1.07500 1.18300 1.40800 1.57500 1.55600 1.28200 1.06000 1.06100 1.28300 1.70100 1.10100 0.70200 
FFT : 37.03800 (1.77536, 1.47287) (-1.07571, -0.23892) (1.45086, -2.02798) (-0.65480, -0.21992) (-0.25199, -0.24082) (-1.68637, -5.00992) (-3.60420, -1.39860) (0.22700, 0.41700) (0.37454, -1.25110) (-0.19564, -0.70719) (-0.31208, -0.71385) (-1.43120, 0.85208) (0.42956, 1.88540) (0.70972, 0.37981) (-0.08606, 0.02278) 0.00800 (-0.08606, -0.02278) (0.70972, -0.37981) (0.42956, -1.88540) (-1.43120, -0.85208) (-0.31208, 0.71385) (-0.19564, 0.70719) (0.37454, 1.25110) (0.22700, -0.41700) (-3.60420, 1.39860) (-1.68637, 5.00992) (-0.25199, 0.24082) (-0.65480, 0.21992) (1.45086, 2.02798) (-1.07571, 0.23892) (1.77536, -1.47287) 
