Major: -0.56000
Major: 3.00000
Major: 85.00000
Minor: 1441.00000
Major: 300.00000
