Minor: 76.00000
Minor: 5.00000
Minor: 7.00000
Minor: 10.00000
