Major: 3.00000
Major: 85.00000
