Data: 2.88000 15.56000 31.54000 16.17000 
FFT : 66.15000 (-28.66000, 0.61000) 2.69000 (-28.66000, -0.61000) 
Data: 54.94000 25.30000 20.00000 19.72000 
FFT : 119.96000 (34.94000, -5.58000) 29.92001 (34.94000, 5.58000) 
