Data: 2.88000 15.56000 31.54000 16.17000 54.94000 25.30000 20.00000 19.72000 
FFT : 186.11000 (-56.43699, -2.14255) (6.28000, -4.97000) (-47.68301, 20.93745) 32.61000 (-47.68301, -20.93745) (6.28000, 4.97000) (-56.43699, 2.14255) 
